0.478683 -0.87775 0.0204598 0.683951 0.877971 0.478688 -0.00496788 0.553054 -0.0054333 0.0203412 0.999778 0.788652
0.47805 -0.878149 0.0180049 1.09941 0.878326 0.478024 -0.00604286 1.40059 -0.00330023 0.0187029 0.999821 0.796233
0.476845 -0.878854 0.0153783 1.51865 0.878986 0.476806 -0.00634557 2.23354 -0.00175567 0.0165432 0.999864 0.791835
0.475355 -0.879691 0.013627 1.93775 0.879793 0.475318 -0.00602315 3.05537 -0.00117865 0.0148521 0.999893 0.789656
0.474072 -0.88038 0.01385 2.36579 0.880481 0.474065 -0.00404791 3.8392 -0.0030021 0.0141137 0.999901 0.790227
0.472861 -0.881022 0.0144516 2.79755 0.881125 0.472877 -0.00260288 4.63209 -0.0045406 0.0139645 0.999898 0.787803
0.471648 -0.881663 0.0150512 3.22821 0.881766 0.471687 -0.00115703 5.42556 -0.0060793 0.0138174 0.999894 0.783991
0.470458 -0.882292 0.0154651 3.65786 0.8824 0.470498 -0.00131575 6.22431 -0.0061154 0.0142655 0.999888 0.778687
0.469336 -0.882879 0.0160909 4.09037 0.883007 0.469348 -0.00340899 7.04681 -0.0045425 0.0158084 0.999875 0.792263
0.468215 -0.883463 0.0167194 4.52185 0.883609 0.468194 -0.00550142 7.86982 -0.00296763 0.0173492 0.999857 0.807309
0.468159 -0.883482 0.017359 4.96925 0.883624 0.468193 -0.0024475 8.69823 -0.00596499 0.0164846 0.99986 0.816646
0.468101 -0.8835 0.0179984 5.41661 0.88363 0.468189 0.000606444 9.52669 -0.00896235 0.0156201 0.999853 0.823168
0.468737 -0.883122 0.0199701 5.87137 0.883254 0.468889 0.0032995 10.3584 -0.0122774 0.0160921 0.999812 0.811361
0.470964 -0.88188 0.0223696 6.30569 0.882034 0.471171 0.00463204 11.1864 -0.0146246 0.0175492 0.999758 0.788602
0.473124 -0.880682 0.0240022 6.73847 0.880884 0.473332 0.00331261 12.0237 -0.0142781 0.0195758 0.999727 0.763868
0.475012 -0.879655 0.0244279 7.16577 0.879896 0.475179 0.00101851 12.8625 -0.0125034 0.0210101 0.999724 0.749982
0.475999 -0.879202 0.0214178 7.60196 0.879421 0.476052 -0.00306774 13.7249 -0.00749887 0.0202954 0.999792 0.768507
0.476689 -0.878908 0.0179761 8.07002 0.879061 0.47672 -0.00307965 14.5886 -0.00586292 0.01727 0.999862 0.777994
0.476591 -0.878972 0.0176063 8.57003 0.879081 0.476694 0.00161798 15.4768 -0.0098149 0.0147062 0.999875 0.769922
0.476494 -0.879035 0.017236 9.06993 0.879083 0.476656 0.00631559 16.365 -0.013767 0.0121425 0.999866 0.757863
0.475367 -0.879274 0.0309213 9.50939 0.879688 0.475585 -0.000554274 17.2063 -0.0142181 0.0274643 0.999559 0.73999
0.474234 -0.879302 0.0446081 9.9477 0.880294 0.474407 -0.00740666 18.0481 -0.0146495 0.0427801 0.999018 0.721911
0.472916 -0.880457 0.0348333 10.4387 0.881088 0.472909 -0.00911481 18.9241 -0.00844786 0.0350012 0.999396 0.752517
0.471008 -0.881739 0.027587 10.9139 0.882134 0.470979 -0.00812467 19.8105 -0.0058293 0.0281618 0.999635 0.749247
0.469479 -0.882568 0.0273109 11.4026 0.882942 0.469501 -0.00621037 20.6961 -0.00734151 0.0270291 0.99966 0.752855
0.468988 -0.882789 0.0287348 11.8467 0.883183 0.469078 -0.0041214 21.5836 -0.00984048 0.0273104 0.999635 0.741974
0.468492 -0.883009 0.0301576 12.2904 0.883419 0.468655 -0.0020317 22.4714 -0.0123393 0.027593 0.999603 0.72862
0.467369 -0.883583 0.030929 12.7535 0.883996 0.467579 -0.000641162 23.3689 -0.0138949 0.0276401 0.999586 0.729028
0.466642 -0.883948 0.0315935 13.2378 0.884344 0.466926 0.00170404 24.2678 -0.0162575 0.0271437 0.999569 0.734146
0.466137 -0.884216 0.0317091 13.7205 0.88456 0.466505 0.00479967 25.1636 -0.0190355 0.0258106 0.99956 0.734331
0.466137 -0.884316 0.0289424 14.1794 0.884542 0.466514 0.00747307 26.0618 -0.0201095 0.0221167 0.999632 0.723217
0.466267 -0.884313 0.0270476 14.6438 0.884488 0.466617 0.00798028 26.9558 -0.0196768 0.0202018 0.999686 0.721165
0.466558 -0.88418 0.0265989 15.1067 0.884399 0.466839 0.00508861 27.8421 -0.0169158 0.0211492 0.999723 0.709925
0.46619 -0.884435 0.024736 15.5673 0.884623 0.466432 0.00469366 28.7231 -0.0156881 0.0196932 0.999779 0.713901
0.465165 -0.884955 0.0256918 16.0222 0.885156 0.465429 0.00511077 29.6033 -0.0164796 0.0203631 0.999758 0.704896
0.464138 -0.885473 0.0266471 16.4762 0.885688 0.464427 0.00552896 30.4839 -0.0172704 0.0210338 0.999737 0.695111
0.464076 -0.885494 0.0272873 16.9378 0.885744 0.464348 0.00429929 31.3576 -0.0164768 0.0221731 0.999731 0.709555
0.463419 -0.885957 0.023432 17.3747 0.886165 0.463576 0.00153313 32.2378 -0.0122203 0.0200529 0.999842 0.705828
0.463 -0.886251 0.0207782 17.8371 0.886427 0.463094 -0.000199695 33.1247 -0.00944511 0.0185096 0.999908 0.685407
0.462557 -0.88646 0.0220637 18.2954 0.886642 0.462699 0.00161384 34.0012 -0.011639 0.0188148 0.999885 0.680166
0.462717 -0.886325 0.0243655 18.7417 0.88651 0.462948 0.00467463 34.8554 -0.0154221 0.0194357 0.999827 0.678295
0.462449 -0.886437 0.0257125 19.1788 0.886633 0.462721 0.00569451 35.6845 -0.0169442 0.0201624 0.999794 0.680225
0.462412 -0.886399 0.0279863 19.6547 0.886681 0.462674 0.00352039 36.5725 -0.0160676 0.0231847 0.999748 0.685922
0.462261 -0.886424 0.0300033 20.1219 0.886793 0.462495 0.00115071 37.456 -0.0148951 0.0260717 0.999701 0.694644
0.461574 -0.886773 0.0306022 20.5628 0.887159 0.461816 0.00113293 38.3314 -0.0151358 0.0266227 0.999688 0.682466
0.4608 -0.88708 0.0335793 21.001 0.887521 0.461139 0.00287127 39.1804 -0.0180297 0.0284753 0.999594 0.668826
0.459954 -0.887363 0.0377545 21.459 0.887869 0.460465 0.00585078 40.027 -0.0225733 0.0308253 0.999438 0.672235
0.458751 -0.887862 0.0408172 21.8913 0.888409 0.459411 0.00826987 40.8999 -0.0260905 0.0324633 0.999306 0.633604
0.458257 -0.888177 0.0397919 22.2965 0.888746 0.458819 0.0060608 41.7344 -0.0236365 0.0325817 0.999369 0.641544
0.45721 -0.888853 0.0369245 22.7211 0.889437 0.457545 0.000939503 42.5311 -0.0177267 0.0324062 0.999502 0.648975
0.456026 -0.889641 0.0326723 23.1424 0.890156 0.45616 -0.00338852 43.3575 -0.0118872 0.0306224 0.999651 0.655856
0.455471 -0.890095 0.0281382 23.5237 0.890462 0.455602 -0.00159322 44.1628 -0.0113996 0.0257759 0.999799 0.629081
0.454894 -0.890477 0.0257464 23.9375 0.890738 0.455088 0.00233491 44.9959 -0.0137933 0.0218658 0.999869 0.623403
0.453563 -0.891206 0.0245186 24.3577 0.891401 0.453796 0.00522192 45.8148 -0.0157769 0.0194823 0.999895 0.624651
0.452765 -0.891656 0.0234605 24.7427 0.891823 0.452992 0.00583033 46.547 -0.0158225 0.0182778 0.999923 0.626951
0.451807 -0.892177 0.022729 25.107 0.892316 0.45204 0.00688148 47.3058 -0.01641 0.0171673 0.99994 0.623646
0.450044 -0.893124 0.0211323 25.4924 0.893219 0.450269 0.00814767 48.0942 -0.0167879 0.0152042 0.999972 0.627027
0.448714 -0.893825 0.020452 25.8712 0.893902 0.448937 0.00877243 48.8596 -0.0170182 0.0143411 0.999987 0.621733
0.447529 -0.894416 0.0213376 26.2373 0.894505 0.447768 0.00897519 49.6004 -0.017577 0.015065 0.999974 0.616699
0.446318 -0.8951 0.018618 26.5915 0.895081 0.446558 0.0129996 50.327 -0.0199441 0.0108587 0.999992 0.621314
0.445237 -0.895671 0.0179332 26.946 0.89558 0.445492 0.0162207 51.053 -0.0225107 0.00883512 0.999966 0.607266
0.444149 -0.896215 0.018601 27.2979 0.896068 0.444443 0.0189216 51.7683 -0.0252171 0.00826055 0.999914 0.586273
0.442966 -0.896811 0.0190245 27.6045 0.896742 0.443242 0.0159841 52.4437 -0.0227595 0.00997592 0.999965 0.592306
0.441975 -0.897399 0.0147566 27.928 0.897372 0.44213 0.0121303 53.0807 -0.0174033 0.0078778 1.0001 0.621571
0.4407 -0.898092 0.0115007 28.2302 0.898115 0.44077 0.00717122 53.7256 -0.0115041 0.00716572 1.0002 0.61112
0.439837 -0.898574 0.00783938 28.5435 0.898589 0.439862 0.00627514 54.3747 -0.00908192 0.00428252 1.00025 0.606623
0.439591 -0.898732 0.00539671 28.8279 0.898704 0.439599 0.0102422 54.9717 -0.0115717 0.000347345 1.00024 0.603725
0.438532 -0.89926 0.00666768 29.1233 0.899205 0.438555 0.0127104 55.5767 -0.0143475 0.000421607 1.00021 0.604557
0.437301 -0.899824 0.012005 29.4112 0.899869 0.437369 0.00710638 56.144 -0.0116391 0.00769268 1.00023 0.615598
0.437694 -0.89961 0.0149617 29.6894 0.899745 0.437729 0.00138587 56.7069 -0.00779094 0.0128505 1.00022 0.626061
0.438662 -0.899149 0.0155445 29.9601 0.899326 0.438623 -0.00385387 57.2597 -0.0033493 0.0156642 1.00022 0.63519
0.44125 -0.897928 0.0139694 30.2067 0.898088 0.4412 -0.00416856 57.7754 -0.00241697 0.0143795 1.00025 0.631896
0.445435 -0.895922 0.0109615 30.4585 0.896041 0.445412 -0.00100218 58.2989 -0.00398092 0.0102643 1.0003 0.644956
0.449179 -0.89408 0.0103109 30.7232 0.89418 0.449181 0.0025355 58.8182 -0.00689408 0.00807772 1.00032 0.631839
0.453853 -0.891674 0.0148421 30.9829 0.891801 0.453917 0.00507035 59.289 -0.0112527 0.0109305 1.00026 0.642872
0.460619 -0.888071 0.0219943 31.2189 0.888293 0.460786 0.00583461 59.7571 -0.0153094 0.0168422 1.00013 0.636151
0.469954 -0.883219 0.02076 31.4681 0.883408 0.470117 0.0070255 60.2203 -0.0159575 0.0150309 1.00016 0.655044
0.482703 -0.876441 0.0159935 31.7173 0.876544 0.482811 0.00896804 60.6652 -0.0155744 0.00968562 1.00025 0.658789
0.498193 -0.867824 0.0115906 31.9764 0.867842 0.498249 0.01271 61.0843 -0.016797 0.0037254 1.00028 0.658663
0.5171 -0.856719 0.0116809 32.2147 0.856729 0.517152 0.0133684 61.4748 -0.0174852 0.0030936 1.00028 0.646741
0.539402 -0.842831 0.0150916 32.4462 0.842877 0.539502 0.0122163 61.8793 -0.0184291 0.00612825 1.00026 0.638255
0.564188 -0.826425 0.0175998 32.693 0.826468 0.564335 0.0131805 62.2401 -0.0208147 0.00710612 1.00021 0.649103
0.590975 -0.807472 0.0196519 32.9676 0.8075 0.591167 0.0142846 62.5885 -0.0231407 0.0074236 1.00017 0.645927
0.62104 -0.784585 0.0210161 33.2241 0.784597 0.621259 0.0150446 62.9203 -0.0248478 0.0071425 1.00015 0.637538
0.653606 -0.757699 0.0213462 33.4782 0.757678 0.653828 0.0159598 63.2808 -0.0260362 0.00573954 1.00014 0.626762
0.687546 -0.727062 0.0220513 33.7453 0.727021 0.687774 0.0163462 63.5847 -0.0270368 0.00479092 1.00013 0.621995
0.722967 -0.691923 0.0212247 34.0174 0.691845 0.723159 0.0170149 63.8648 -0.027107 0.00238255 1.00014 0.623838
0.76009 -0.651027 0.0195782 34.3343 0.650943 0.760219 0.0165345 64.1171 -0.0256332 0.000177796 1.0002 0.632604
0.797095 -0.605244 0.0185217 34.6412 0.605181 0.797179 0.0151082 64.3424 -0.0238945 -0.000831688 1.00025 0.63181
0.832512 -0.555591 0.0183165 34.9631 0.555525 0.832573 0.0146132 64.5621 -0.0233537 -0.00198744 1.00028 0.612275
0.866373 -0.501261 0.0172978 35.2686 0.501192 0.866393 0.0141857 64.7229 -0.0220824 -0.00361631 1.00031 0.589843
0.897077 -0.444045 0.0176625 35.6461 0.444004 0.897093 0.012138 64.877 -0.0212197 -0.00304242 1.00034 0.586815
0.923836 -0.385371 0.0179298 36.0382 0.38533 0.923844 0.0113291 65.0089 -0.020915 -0.00355278 1.00036 0.597539
0.946781 -0.324954 0.0196467 36.399 0.324878 0.946807 0.0118426 65.1115 -0.0224338 -0.00482396 1.00034 0.609568
0.965618 -0.263732 0.021679 36.767 0.263599 0.965668 0.0129534 65.1987 -0.0243337 -0.0067864 1.00029 0.598733
0.980279 -0.202551 0.0231444 37.1588 0.202378 0.980343 0.0133166 65.2415 -0.0253687 -0.00836164 1.00027 0.57996
0.990873 -0.14219 0.0229254 37.5506 0.142071 0.990937 0.0103788 65.2343 -0.0241753 -0.00701947 1.00032 0.563257
0.997545 -0.0837076 0.023007 37.948 0.0836627 0.997623 0.0063511 65.2479 -0.0234655 -0.00440516 1.00037 0.560443
1.00071 -0.0274707 0.0226517 38.3277 0.0273867 1.00077 0.00725596 65.2703 -0.02285 -0.00663337 1.00039 0.588554
1.00073 0.027959 0.0226314 38.7192 -0.0281395 1.00074 0.0107171 65.2531 -0.0223302 -0.0113502 1.00037 0.594565
0.997973 0.0797415 0.0223202 39.1073 -0.0799648 0.997947 0.01216 65.2261 -0.0212867 -0.0139061 1.00037 0.576432
0.993216 0.126422 0.0200757 39.5316 -0.12653 0.993196 0.00711536 65.1441 -0.0190219 -0.00959661 1.00049 0.526437
0.986827 0.1694 0.0198835 39.9057 -0.16926 0.986849 -0.00618229 65.0218 -0.0206493 0.00273502 1.00051 0.49425
0.979479 0.207731 0.0211107 40.2696 -0.207488 0.979512 -0.0111931 64.955 -0.0229812 0.00657868 1.00046 0.530621
0.970931 0.244735 0.0207543 40.5885 -0.244549 0.970975 -0.00936577 64.9447 -0.0224218 0.00401534 1.0005 0.572311
0.962673 0.275641 0.0193698 40.9444 -0.27567 0.962682 0.000657015 64.8774 -0.0184463 -0.00596584 1.00059 0.593924
0.954167 0.303954 0.0181691 41.3606 -0.304096 0.954091 0.00760848 64.7564 -0.0150051 -0.012772 1.0006 0.543078
0.94554 0.329987 0.0166591 41.7416 -0.330131 0.945426 0.00872647 64.6243 -0.0128542 -0.0137367 1.00064 0.536037
0.93745 0.352602 0.0118279 42.1416 -0.35264 0.937337 0.00349241 64.4788 -0.00984049 -0.00743646 1.00076 0.519181
0.929563 0.373147 0.00433974 42.539 -0.373128 0.929418 -0.000416187 64.3393 -0.00417741 -0.00122976 1.00085 0.539929
0.92232 0.390815 -0.00175651 42.9306 -0.390797 0.922171 0.000427344 64.143 0.00179368 0.000293453 1.00088 0.523933
0.915347 0.406962 -0.00142364 43.3515 -0.40694 0.915199 0.00314334 63.9681 0.0025878 -0.0022945 1.0009 0.529621
0.909132 0.420738 0.00293941 43.8042 -0.420733 0.90898 0.00426427 63.7452 -0.000869887 -0.00510773 1.00092 0.522243
0.902946 0.433902 0.00607857 44.2051 -0.433913 0.902811 0.00336364 63.5268 -0.00401812 -0.00566884 1.00093 0.53336
0.897118 0.445883 0.00753404 44.6197 -0.445895 0.897004 0.00153753 63.3016 -0.00606056 -0.00473419 1.00095 0.533793
0.891489 0.457134 0.00606596 45.1076 -0.457117 0.891381 -0.00268299 63.0621 -0.00662078 -0.000381602 1.00099 0.534616
0.886886 0.466102 0.00381462 45.5708 -0.466066 0.886762 -0.00630962 62.8131 -0.00631075 0.00381221 1.00101 0.540133
0.883431 0.472697 0.00353599 46.0097 -0.472669 0.883314 -0.00531245 62.5541 -0.00562239 0.00301629 1.00104 0.538444
0.880357 0.478477 0.00324626 46.4886 -0.478445 0.880241 -0.00617365 62.3027 -0.005799 0.00387465 1.00106 0.530878
0.877814 0.483213 0.0016737 46.9981 -0.483184 0.87769 -0.00706808 62.0196 -0.00487275 0.00538607 1.00109 0.535071
0.875242 0.487936 0.000652195 47.516 -0.48791 0.875115 -0.0077229 61.7393 -0.00432792 0.0064295 1.00112 0.533903
0.873037 0.491948 0.00102603 48.0344 -0.491923 0.87292 -0.0069123 61.4154 -0.00428515 0.0055186 1.00115 0.536535
0.871381 0.49495 0.00124074 48.555 -0.494924 0.871271 -0.00680685 61.1109 -0.00443896 0.00530541 1.00118 0.531686
0.869687 0.497994 0.00204459 49.1047 -0.497968 0.86959 -0.00590294 60.8037 -0.00470626 0.00410449 1.00121 0.537654
0.868707 0.499782 0.000809909 49.6855 -0.499748 0.86859 -0.00896909 60.4618 -0.00517403 0.0073706 1.00122 0.526827
0.868026 0.50104 -0.000676138 50.279 -0.501003 0.867878 -0.0120836 60.1186 -0.00545502 0.0108059 1.00122 0.525154
0.868352 0.500553 -0.000473672 50.8781 -0.500514 0.868209 -0.0120002 59.7942 -0.00558275 0.0106349 1.00125 0.519065
0.869727 0.498236 -0.00184245 51.5295 -0.498195 0.869537 -0.0153974 59.4068 -0.00605597 0.0142808 1.00124 0.520015
0.871397 0.495384 -0.0028655 52.1907 -0.49535 0.871183 -0.0168325 59.0458 -0.00582884 0.0160547 1.00124 0.524157
0.873606 0.491556 -0.00316496 52.8125 -0.491521 0.873377 -0.0178271 58.6743 -0.00598519 0.0170942 1.00126 0.523312
0.875716 0.487875 -0.00209605 53.4609 -0.487825 0.875501 -0.0175467 58.2981 -0.00671084 0.0163528 1.0013 0.508861
0.878037 0.483766 -0.00247845 54.1517 -0.483704 0.877774 -0.020262 57.9344 -0.00761044 0.0189487 1.00128 0.5025
0.880176 0.479954 0.00113137 54.8732 -0.479864 0.880005 -0.0164918 57.5538 -0.00889302 0.0139382 1.00138 0.476486
0.882015 0.476624 0.00516923 55.5859 -0.476531 0.881932 -0.0121707 57.1994 -0.0103397 0.0082447 1.00146 0.467571
0.883968 0.47309 0.00409661 56.2734 -0.472983 0.883851 -0.014596 56.8077 -0.0105054 0.0109327 1.00147 0.476744
0.885731 0.469881 0.00234408 57.0054 -0.469819 0.885629 -0.0115983 56.4342 -0.00750966 0.00914166 1.00155 0.487557
0.886319 0.468865 0.000755839 57.742 -0.46885 0.886254 -0.00447459 56.065 -0.00275938 0.00359012 1.00164 0.490075
0.886076 0.469413 -0.000620312 58.4556 -0.469407 0.886014 -0.00280417 55.6987 -0.000761674 0.00275528 1.00168 0.493578
0.886719 0.468284 0.00206081 59.2007 -0.468281 0.886661 0.00191792 55.319 -0.000924211 -0.00267736 1.00172 0.491885
0.886793 0.468235 0.00244746 59.9417 -0.468233 0.886737 0.00091785 54.926 -0.00173441 -0.00197327 1.00175 0.519928
0.886941 0.468045 0.00282954 60.6816 -0.46804 0.886889 -0.000413866 54.5275 -0.0026956 -0.000972911 1.00179 0.528244
0.887036 0.467938 0.00526658 61.4166 -0.467948 0.886984 0.00216028 54.1582 -0.00365145 -0.00439047 1.00181 0.52478
0.887042 0.468006 0.00634197 62.1558 -0.468028 0.886986 0.00375809 53.7722 -0.00385717 -0.00630819 1.00184 0.52839
0.887048 0.468073 0.00741754 62.895 -0.468109 0.886984 0.00535594 53.3862 -0.00406278 -0.00822605 1.00186 0.531823
0.886837 0.468566 0.00732708 63.6271 -0.468613 0.886741 0.00860939 53.0294 -0.00245687 -0.011066 1.00188 0.548928
0.885893 0.470414 0.00889567 64.3374 -0.470488 0.885768 0.0112566 52.6612 -0.00257798 -0.0141484 1.00188 0.547862
0.884171 0.473716 0.0099253 65.068 -0.473805 0.884049 0.0112236 52.2864 -0.00344985 -0.0146161 1.00191 0.56055
0.881599 0.478498 0.013257 65.7969 -0.478643 0.881482 0.011826 51.8876 -0.00601424 -0.0167564 1.0019 0.573972
0.879003 0.483268 0.0157753 66.5278 -0.483457 0.878906 0.0116824 51.462 -0.00820203 -0.0178781 1.00191 0.564337
0.87519 0.490227 0.0159723 67.2901 -0.490418 0.875098 0.0114279 51.0684 -0.00835731 -0.017817 1.00195 0.583129
0.871025 0.497715 0.0149259 68.0304 -0.497886 0.870929 0.0111001 50.6581 -0.00745862 -0.0170834 1.00201 0.595692
0.865847 0.506805 0.0133617 68.7533 -0.506944 0.865758 0.00987381 50.2323 -0.00654964 -0.01531 1.00208 0.598262
0.860596 0.515714 0.0150837 69.4336 -0.515884 0.860512 0.0102866 49.8573 -0.00765806 -0.016618 1.0021 0.58874
0.854903 0.525139 0.0166777 70.1078 -0.525348 0.854808 0.0114471 49.4746 -0.00822686 -0.0185269 1.0021 0.594111
0.848737 0.535121 0.0170979 70.8 -0.535327 0.848668 0.0101659 49.0403 -0.00905026 -0.0177617 1.00215 0.599158
0.842656 0.544739 0.0169205 71.4685 -0.544939 0.842593 0.0095665 48.5946 -0.00902552 -0.0172634 1.0022 0.610287
0.836465 0.554288 0.0167364 72.1319 -0.554481 0.836409 0.0089691 48.1414 -0.00900645 -0.0167647 1.00225 0.621427
0.830396 0.56343 0.016508 72.7855 -0.563625 0.830326 0.00952504 47.6953 -0.00832124 -0.0171948 1.00229 0.618459
0.824751 0.571758 0.0159684 73.428 -0.571961 0.824641 0.0114375 47.2713 -0.00661362 -0.0185435 1.00233 0.616337
0.819389 0.579537 0.0144934 74.0304 -0.579714 0.81927 0.0113605 46.8416 -0.00527838 -0.0176896 1.00239 0.610428
0.814206 0.586882 0.0143304 74.6194 -0.587063 0.814065 0.012381 46.4117 -0.00439009 -0.01847 1.00243 0.622401
0.808642 0.594611 0.0140886 75.2036 -0.594786 0.80851 0.0117706 45.9729 -0.00438226 -0.0178755 1.00248 0.630153
0.803236 0.601947 0.0151564 75.7889 -0.602147 0.803093 0.012545 45.5218 -0.00461038 -0.0191767 1.0025 0.640546
0.798723 0.608033 0.0138955 76.4002 -0.608187 0.798653 0.00762402 45.0655 -0.00644686 -0.0145269 1.00261 0.64945
0.794914 0.613066 0.0146092 77.0207 -0.613216 0.794878 0.0055062 44.6061 -0.00821672 -0.0133251 1.00266 0.661002
0.792557 0.616132 0.0168576 77.5995 -0.616315 0.792541 0.00538808 44.1597 -0.0100152 -0.0146456 1.00267 0.647859
0.791318 0.617849 0.0151333 78.174 -0.61796 0.79134 0.000544699 43.6953 -0.0116089 -0.00978259 1.00276 0.649221
0.790291 0.619232 0.0155668 78.7005 -0.619334 0.79033 -0.000754619 43.2921 -0.0127364 -0.00904674 1.0028 0.669121
0.790309 0.6193 0.0152304 79.2352 -0.61941 0.790335 1.01451e-05 42.8816 -0.0119987 -0.00944282 1.00285 0.642179
0.791105 0.61839 0.0141821 79.7525 -0.618495 0.791116 0.000244068 42.4762 -0.011039 -0.0089671 1.00292 0.643645
0.792824 0.616311 0.0121571 80.251 -0.616389 0.792822 -0.00105628 42.0778 -0.0102616 -0.00666582 1.00299 0.661136
0.796161 0.612098 0.0112225 80.7682 -0.612174 0.796147 -0.000774273 41.6828 -0.00938317 -0.00626492 1.00305 0.673937
0.800975 0.605893 0.0100451 81.2649 -0.605966 0.800948 -0.000614732 41.2957 -0.00839536 -0.00560827 1.00312 0.669643
0.807514 0.597222 0.0110534 81.7271 -0.597312 0.807487 0.000429118 40.9588 -0.00864544 -0.00695828 1.00316 0.67002
0.816039 0.585613 0.0110459 82.2052 -0.585717 0.815997 0.00214571 40.6387 -0.00773581 -0.00822617 1.00321 0.669818
0.825401 0.572454 0.0101015 82.6723 -0.57256 0.825342 0.00323172 40.3389 -0.00647 -0.00845592 1.00326 0.680349
0.837485 0.554757 0.00828101 83.1315 -0.554858 0.837397 0.0051006 40.014 -0.00409541 -0.00886991 1.00333 0.688511
0.850906 0.534075 0.00648373 83.6146 -0.534167 0.850792 0.00721165 39.7226 -0.00166339 -0.0096008 1.00338 0.681146
0.865555 0.510126 0.0044804 84.1054 -0.510201 0.865423 0.00867078 39.4713 0.000539468 -0.00979129 1.00344 0.701081
0.881645 0.481899 0.00508464 84.5889 -0.481983 0.881507 0.00884043 39.2382 -0.000225927 -0.0102436 1.00349 0.705681
0.899117 0.448577 0.00586356 85.1084 -0.44867 0.898984 0.00821108 38.9986 -0.00158748 -0.0100131 1.00355 0.697561
0.917314 0.410205 0.00740726 85.606 -0.41031 0.917194 0.00709479 38.8099 -0.00387529 -0.00954875 1.0036 0.695157
0.935078 0.36795 0.0123001 86.1183 -0.368106 0.934986 0.00722337 38.6356 -0.00881663 -0.0112768 1.00361 0.689007
0.951902 0.321956 0.0160612 86.6335 -0.322168 0.951837 0.00842465 38.531 -0.0125357 -0.0131809 1.00361 0.688252
0.967403 0.271927 0.0184032 87.1399 -0.272187 0.967355 0.0099194 38.474 -0.0150558 -0.0145864 1.00362 0.683949
0.981048 0.217865 0.0188885 87.6512 -0.218142 0.981 0.0108831 38.4126 -0.0161051 -0.0147774 1.00366 0.671194
0.992594 0.157657 0.0174042 88.1669 -0.157866 0.992562 0.00830569 38.3833 -0.0159123 -0.010987 1.00377 0.703337
1.00096 0.0917702 0.0138835 88.6793 -0.0919196 1.00089 0.00706635 38.3832 -0.0132046 -0.00835545 1.0039 0.720487
1.005 0.0236734 0.00834326 89.1542 -0.0237498 1.00489 0.00409072 38.3712 -0.00826401 -0.0043326 1.00404 0.733282
1.00434 -0.0455245 0.00296274 89.6203 0.0454727 1.00419 0.00466653 38.4332 -0.0031849 -0.0045746 1.00414 0.729401
0.998777 -0.115509 0.000797343 90.0842 0.115468 0.998615 0.00670936 38.5459 -0.00157539 -0.00662284 1.0042 0.704994
0.98835 -0.184882 -0.00137287 90.539 0.184859 0.988179 0.0074842 38.6815 -3.80396e-05 -0.00765995 1.00426 0.688102
0.973294 -0.252655 -0.00177175 90.975 0.252636 0.973145 0.00335754 38.7882 0.000860265 -0.00374205 1.00434 0.683646
0.953766 -0.318727 0.00151081 91.4548 0.3187 0.953617 0.00375335 38.9668 -0.00263833 -0.00312741 1.00441 0.714682
0.929743 -0.383287 0.00677009 91.899 0.383244 0.929619 0.00510617 39.1611 -0.00822823 -0.00218581 1.00445 0.703399
0.902598 -0.443451 0.0126296 92.2934 0.443369 0.90254 0.00809803 39.386 -0.0149378 -0.00174421 1.00444 0.71274
0.872481 -0.50011 0.0165076 92.6684 0.499994 0.872493 0.0105095 39.6405 -0.0195857 -0.000953461 1.00443 0.699515
0.842743 -0.548774 0.0187953 93.0843 0.548597 0.842809 0.0138204 39.9769 -0.0233346 -0.00137142 1.00442 0.696078
0.813506 -0.591292 0.0204426 93.4282 0.591004 0.813618 0.0186297 40.2177 -0.0275373 -0.00310022 1.00438 0.718074
0.786037 -0.627484 0.0190738 93.784 0.627038 0.786096 0.0248174 40.4832 -0.0304406 -0.00755139 1.00435 0.695395
0.762561 -0.65602 0.0144573 94.1007 0.655605 0.762503 0.0253044 40.831 -0.0275111 -0.00981033 1.00448 0.692479
0.74227 -0.679053 0.0106533 94.4174 0.678684 0.742131 0.0251034 41.2181 -0.0248519 -0.0113873 1.00461 0.648472
0.72623 -0.696206 0.0141021 94.7288 0.695907 0.726223 0.0211207 41.5187 -0.0248446 -0.00553811 1.00473 0.645754
0.714513 -0.708256 0.0166758 95.092 0.707997 0.714587 0.0192061 41.8683 -0.0254149 -0.00194816 1.0048 0.639096
0.705546 -0.717321 0.0146299 95.4204 0.717009 0.705568 0.0215646 42.2357 -0.0256845 -0.00474162 1.00486 0.638237
0.698274 -0.724556 0.0107927 95.7446 0.724164 0.698176 0.0257128 42.6254 -0.0260558 -0.0101263 1.00489 0.645288
0.693892 -0.728903 0.00490308 96.1106 0.728488 0.6936 0.029637 43.0101 -0.0248983 -0.0169428 1.0049 0.619227
0.692118 -0.730688 -0.00209561 96.4354 0.730368 0.691636 0.0314221 43.4271 -0.0214228 -0.0231931 1.00493 0.598323
0.69147 -0.731384 -0.00340346 96.7968 0.731134 0.691018 0.0292464 43.7999 -0.0189638 -0.022628 1.00507 0.612766
0.693455 -0.729589 -0.00410332 97.1465 0.729404 0.693061 0.026274 44.1951 -0.0162652 -0.0211366 1.00522 0.591123
0.696601 -0.726666 -0.00552775 97.5823 0.726608 0.696347 0.0182336 44.6176 -0.00937901 -0.0166664 1.00547 0.55795
0.699625 -0.723805 -0.00946372 97.9865 0.72383 0.699395 0.0156255 45.0445 -0.00469608 -0.0177236 1.00557 0.570763
0.703153 -0.720432 -0.0120325 98.399 0.720487 0.702845 0.019236 45.4821 -0.00540231 -0.0221098 1.00555 0.580804
0.707318 -0.716393 -0.0143558 98.8385 0.716463 0.706842 0.0255806 45.9384 -0.00816323 -0.0282558 1.00546 0.555649
0.710797 -0.713063 -0.0129631 99.2765 0.713031 0.710173 0.0313005 46.3922 -0.0130687 -0.0313476 1.0054 0.538028
0.713714 -0.710309 -0.00837363 99.7243 0.710095 0.713083 0.0340253 46.84 -0.0181222 -0.0300919 1.00544 0.50556
0.716435 -0.707699 -0.00391297 100.172 0.707332 0.715861 0.0352876 47.2944 -0.0220722 -0.0279217 1.0055 0.481386
0.718526 -0.705683 0.00159955 100.63 0.705264 0.718172 0.0315965 47.7373 -0.0233379 -0.0214856 1.00571 0.491448
0.718972 -0.705324 0.00274225 101.142 0.705006 0.718756 0.0259147 48.2194 -0.0201607 -0.0166387 1.00595 0.459681
0.717956 -0.706463 0.00132287 101.65 0.706285 0.717823 0.0188426 48.6603 -0.0142102 -0.0125589 1.00619 0.479341
0.717753 -0.706771 -0.00102797 102.152 0.706688 0.717667 0.0127123 49.1873 -0.00823434 -0.0098327 1.00637 0.492818
0.715814 -0.7088 -0.00724176 102.644 0.708786 0.71568 0.0137757 49.7016 -0.00459261 -0.0149417 1.00642 0.486455
0.714608 -0.710105 -0.0084577 103.127 0.710084 0.714392 0.0184324 50.2064 -0.00704195 -0.0190971 1.00641 0.486872
0.713354 -0.711492 -0.00575915 103.662 0.711328 0.713004 0.0265189 50.7367 -0.0147053 -0.0229064 1.00634 0.450809
0.711719 -0.713248 -0.00260702 104.182 0.712899 0.711283 0.0326836 51.2577 -0.0213552 -0.0249966 1.00625 0.431795
0.710365 -0.714702 -0.00096965 104.695 0.714365 0.710024 0.0302848 51.7944 -0.0208569 -0.0221006 1.00641 0.449016
0.708872 -0.716263 -0.00550611 105.24 0.716056 0.708482 0.0289371 52.3656 -0.0167543 -0.0243332 1.00652 0.436765
0.705785 -0.719234 -0.0166997 105.802 0.719313 0.705159 0.031819 52.9207 -0.0110776 -0.0342762 1.0064 0.417284
0.702341 -0.722689 -0.0171617 106.366 0.722821 0.701847 0.0277376 53.5073 -0.00799104 -0.0317084 1.00659 0.40864
0.69991 -0.725209 -0.0143082 106.941 0.725271 0.699494 0.0260014 54.1343 -0.00883235 -0.0284197 1.00677 0.398023
0.696956 -0.728223 -0.0100716 107.482 0.728183 0.696608 0.0251246 54.7153 -0.0112471 -0.0247133 1.00693 0.382175
0.695529 -0.729725 -0.00722689 108.049 0.729609 0.6952 0.0259224 55.2945 -0.0138396 -0.0231806 1.00702 0.377915
0.695217 -0.73014 -0.00584078 108.604 0.729973 0.694876 0.0274425 55.8842 -0.01591 -0.0232181 1.00707 0.373826
0.694702 -0.730752 -0.00328793 109.189 0.730548 0.694427 0.0263969 56.4797 -0.0169299 -0.0206337 1.0072 0.368869
0.694327 -0.73122 -0.00131612 109.763 0.730991 0.6941 0.0258028 57.0857 -0.0178699 -0.018784 1.00731 0.351778
0.694713 -0.73094 -0.00542913 110.327 0.730757 0.694365 0.0283017 57.7112 -0.0168404 -0.0234975 1.00731 0.356266
0.695154 -0.730577 -0.0101687 110.9 0.730491 0.694689 0.0300045 58.3189 -0.0147954 -0.0281167 1.00731 0.360243
0.695966 -0.729808 -0.0158456 111.462 0.729859 0.695326 0.0331394 58.942 -0.0131196 -0.0344081 1.00723 0.345414
0.69818 -0.7277 -0.0198468 112.065 0.727847 0.697329 0.0374221 59.5843 -0.0133424 -0.0403025 1.0071 0.348482
0.699664 -0.726366 -0.0203451 112.67 0.726499 0.698687 0.0403265 60.2217 -0.0150133 -0.0427032 1.00706 0.345294
0.701429 -0.724708 -0.0224229 113.28 0.724914 0.700354 0.0419077 60.8686 -0.0146064 -0.0453329 1.00704 0.339638
0.702875 -0.723474 -0.0204173 113.886 0.723659 0.702016 0.0375124 61.5081 -0.0127603 -0.0408581 1.00734 0.344417
0.704741 -0.721879 -0.0159401 114.504 0.721966 0.70413 0.0323665 62.1514 -0.0121002 -0.0340879 1.00769 0.33768
0.704802 -0.722026 -0.0107531 115.132 0.722017 0.704395 0.0277047 62.7503 -0.0123857 -0.0271162 1.00798 0.319332
0.705612 -0.721374 -0.00873088 115.741 0.721339 0.705273 0.0260707 63.4116 -0.0126035 -0.0245395 1.00813 0.336663
0.706798 -0.720322 -0.00909275 116.386 0.720268 0.706391 0.0285532 64.0493 -0.014086 -0.0265573 1.00815 0.338562
0.70821 -0.719057 -0.00834881 116.975 0.718875 0.707621 0.0353415 64.6601 -0.0194 -0.0308189 1.00803 0.317608
0.708955 -0.718455 -0.00676042 117.575 0.718147 0.708279 0.0391661 65.291 -0.0232119 -0.0323939 1.00799 0.286992
0.710097 -0.717409 -0.00961419 118.153 0.717251 0.709439 0.0367119 65.8928 -0.0194105 -0.032731 1.00815 0.310049
0.710491 -0.717039 -0.0152139 118.746 0.717226 0.710189 0.022238 66.4798 -0.00516071 -0.0265303 1.00859 0.276673
0.710675 -0.716913 -0.0178568 119.333 0.717181 0.710557 0.0145899 67.093 0.00214258 -0.0230231 1.00877 0.314574
0.70964 -0.718161 -0.0129017 119.939 0.718317 0.709428 0.0189967 67.7315 -0.00451611 -0.0225987 1.00886 0.319205
0.709275 -0.718756 0.000308088 120.579 0.718431 0.708939 0.0326304 68.381 -0.0235236 -0.0227707 1.00869 0.302363
0.708261 -0.719778 0.0117686 121.21 0.719055 0.708146 0.0383509 69.0123 -0.0356757 -0.0185864 1.00851 0.236846
0.707929 -0.720255 0.00991928 121.759 0.719575 0.707752 0.0382312 69.5839 -0.034305 -0.0198005 1.00862 0.271465
0.707264 -0.721086 -0.00433891 122.348 0.7209 0.706847 0.0319341 70.1937 -0.0198438 -0.0255299 1.00897 0.277559
0.705836 -0.722519 -0.0120995 122.907 0.722625 0.705455 0.0261442 70.7958 -0.0103276 -0.0269961 1.00917 0.24807
0.704794 -0.723654 -0.0123474 123.508 0.723784 0.704447 0.0247751 71.4038 -0.00921478 -0.0262027 1.00929 0.242499
0.702847 -0.725708 -0.00990046 124.097 0.725781 0.702524 0.0247756 71.994 -0.0109915 -0.0244189 1.00941 0.271917
0.699644 -0.728892 -0.0118099 124.665 0.729012 0.699287 0.0253271 72.6013 -0.0101772 -0.0261303 1.00947 0.275065
0.695977 -0.73248 -0.0140385 125.237 0.732661 0.695589 0.0256619 73.201 -0.00901848 -0.027926 1.00952 0.271756
0.693459 -0.734926 -0.0170735 125.826 0.735182 0.692979 0.027851 73.837 -0.00862784 -0.0316066 1.00951 0.288175
0.691621 -0.736692 -0.0206114 126.362 0.737043 0.690995 0.0312269 74.4427 -0.00875258 -0.0364771 1.00943 0.282699
0.691074 -0.737371 -0.019181 126.933 0.737667 0.690425 0.0321865 75.0721 -0.0104634 -0.0360818 1.00952 0.299829
0.689961 -0.738597 -0.0168729 127.507 0.738789 0.689256 0.034476 75.6908 -0.0137732 -0.0359407 1.00958 0.280714
0.689142 -0.7395 -0.0164495 128.091 0.739679 0.688432 0.0347333 76.3072 -0.0142943 -0.03579 1.00967 0.261896
0.687199 -0.741399 -0.017938 128.617 0.741663 0.686544 0.0325886 76.9 -0.0118046 -0.0353862 1.00981 0.269953
0.684061 -0.744485 -0.0151518 129.186 0.744738 0.683661 0.0253593 77.5125 -0.00851323 -0.0283901 1.01016 0.257616
0.679308 -0.748976 -0.0139304 129.744 0.749226 0.678999 0.022181 78.1475 -0.00716071 -0.0252942 1.01034 0.270959
0.674175 -0.753743 -0.0129808 130.263 0.753937 0.673769 0.0261946 78.7371 -0.0109643 -0.0272133 1.01035 0.25849
0.669603 -0.758019 -0.00631461 130.792 0.757973 0.669169 0.0310309 79.3698 -0.0191742 -0.0253507 1.01037 0.247549
0.666664 -0.760752 -0.003064 131.36 0.760445 0.666096 0.0388903 79.9615 -0.0273336 -0.0280121 1.0102 0.206811
0.663625 -0.763535 -0.00249675 131.887 0.763074 0.662935 0.0437354 80.5818 -0.0314801 -0.0306531 1.0101 0.224021
0.659949 -0.766838 -0.00396184 132.39 0.766496 0.659287 0.0413655 81.2268 -0.0288766 -0.0300634 1.01029 0.230255
0.654607 -0.771496 -0.0083017 132.916 0.77148 0.654076 0.0331913 81.8404 -0.0200405 -0.0278803 1.01065 0.245477
0.64925 -0.776083 -0.0123666 133.44 0.776278 0.648814 0.0272815 82.4544 -0.013089 -0.0270668 1.01088 0.20545
0.644155 -0.780435 -0.0129739 133.99 0.78064 0.643687 0.0280876 83.1165 -0.0135045 -0.0279625 1.01094 0.207623
0.638743 -0.784963 -0.0149224 134.539 0.78517 0.638123 0.0322578 83.78 -0.0157092 -0.0320133 1.01088 0.184841
0.632369 -0.790155 -0.018682 135.042 0.790444 0.631585 0.0353032 84.4622 -0.0160027 -0.0367256 1.01081 0.196007
0.625425 -0.795623 -0.0248311 135.524 0.796164 0.624603 0.0340487 85.1313 -0.0115385 -0.0406476 1.01081 0.198526
0.61846 -0.801149 -0.0257482 136.031 0.801768 0.61779 0.0298314 85.7949 -0.00799135 -0.0386955 1.01102 0.188461
0.611728 -0.806431 -0.0256986 136.552 0.807038 0.611 0.031194 86.4744 -0.00943645 -0.0394117 1.01107 0.189851
0.605983 -0.810953 -0.0234519 137.039 0.811391 0.605024 0.0376084 87.1919 -0.016213 -0.0413815 1.011 0.175659
0.599542 -0.815869 -0.022871 137.565 0.816141 0.598279 0.0449041 87.8847 -0.0227781 -0.0451019 1.0108 0.173544
0.592868 -0.82088 -0.0220406 138.047 0.821059 0.591522 0.0471691 88.5627 -0.0254747 -0.0455659 1.01081 0.155846
0.588016 -0.824511 -0.0212487 138.522 0.824609 0.586611 0.0488987 89.271 -0.0276175 -0.0457724 1.01084 0.120112
0.584184 -0.827372 -0.0206701 139.01 0.827469 0.582826 0.0481464 89.9626 -0.0275513 -0.0447358 1.01098 0.10823
0.580451 -0.829975 -0.0259453 139.48 0.830365 0.579047 0.0461913 90.6713 -0.0231299 -0.0478171 1.01104 0.135022
0.577423 -0.831923 -0.0340057 139.931 0.832767 0.575982 0.0436636 91.3551 -0.0166328 -0.052921 1.01101 0.126216
0.574898 -0.833681 -0.0367629 140.392 0.834711 0.573535 0.0413106 92.0565 -0.0132906 -0.0538079 1.0111 0.0887969
0.571999 -0.835801 -0.0367787 140.875 0.836756 0.570349 0.0464426 92.7345 -0.017721 -0.0566698 1.01097 0.0880747
0.570615 -0.837043 -0.0327578 141.364 0.837581 0.568555 0.0551543 93.4926 -0.0273026 -0.0582143 1.01077 0.0522364
0.567476 -0.839407 -0.0299646 141.854 0.83959 0.56513 0.0614803 94.2053 -0.0343436 -0.0593319 1.01058 0.0406749
0.563236 -0.842502 -0.0265006 142.275 0.842632 0.561243 0.0571996 94.8701 -0.0330015 -0.053898 1.01103 0.00893956
0.559484 -0.845274 -0.0213371 142.717 0.845514 0.558223 0.0449749 95.5209 -0.0258757 -0.0426978 1.01186 0.0329952
0.553563 -0.849353 -0.0187507 143.165 0.849694 0.552699 0.0361694 96.2233 -0.0201977 -0.0355401 1.01236 0.0128281
0.547368 -0.853343 -0.0244195 143.601 0.853853 0.546296 0.0386661 96.9321 -0.0195049 -0.041516 1.01224 -0.019175
0.541744 -0.857018 -0.0255936 144.048 0.857405 0.540305 0.0464424 97.6368 -0.0257423 -0.0465327 1.01198 -0.0319048
0.535042 -0.861536 -0.0181449 144.53 0.86161 0.53382 0.0461478 98.3822 -0.0297847 -0.0398419 1.01225 -0.0400965
0.529728 -0.865058 -0.0114362 144.964 0.86491 0.528739 0.0454941 99.0971 -0.0329758 -0.0335915 1.01247 -0.086422
0.52423 -0.868591 -0.0054351 145.39 0.868322 0.523497 0.0437613 99.819 -0.0348051 -0.027346 1.0127 -0.0781037
0.519226 -0.871738 0.00105361 145.849 0.871621 0.518901 0.0347834 100.548 -0.0305606 -0.0169713 1.01316 -0.0550558
0.512821 -0.875638 0.00477152 146.287 0.875841 0.512756 0.0205374 101.299 -0.0202565 -0.00633102 1.01363 -0.0597937
0.507065 -0.879109 0.0054982 146.741 0.879464 0.507045 0.011456 102.034 -0.012785 -0.00102693 1.01387 -0.0977866
0.50137 -0.882506 0.00399768 147.174 0.882756 0.501301 0.0190288 102.854 -0.0186443 -0.00599538 1.01386 -0.107705
0.496275 -0.88551 0.00419558 147.603 0.885412 0.49608 0.0333015 103.629 -0.0312448 -0.0127009 1.01359 -0.137336
0.492996 -0.887473 0.00322941 148.007 0.887071 0.492628 0.0426303 104.383 -0.0389904 -0.0179647 1.01334 -0.192087
0.489824 -0.889354 0.00418981 148.43 0.889 0.489521 0.041073 105.102 -0.0381536 -0.016231 1.01349 -0.182515
0.48794 -0.890529 0.00112512 148.846 0.890481 0.487651 0.0335349 105.877 -0.0300961 -0.0152112 1.01388 -0.147357
0.485721 -0.89181 -0.0107062 149.205 0.892109 0.485229 0.0287477 106.673 -0.0202641 -0.0232418 1.01407 -0.182308
0.483623 -0.893015 -0.0153799 149.619 0.89349 0.483131 0.0253582 107.41 -0.0151091 -0.0256933 1.0142 -0.214128
0.482084 -0.894083 -0.00730012 150.014 0.894379 0.48172 0.0257667 108.183 -0.0193533 -0.0187424 1.01438 -0.229468
0.481483 -0.894571 -0.00154895 150.426 0.894659 0.481162 0.0307526 108.94 -0.0264937 -0.0160258 1.01436 -0.264601
0.481696 -0.89459 -0.00262522 150.857 0.894451 0.481186 0.0392696 109.71 -0.0334934 -0.0210208 1.01417 -0.279247
0.480273 -0.895487 -0.00335304 151.267 0.89533 0.479716 0.0403959 110.498 -0.0341794 -0.0221409 1.01422 -0.271506
0.478244 -0.896708 -0.00329272 151.647 0.896841 0.47788 0.0306206 111.272 -0.0256201 -0.0174056 1.01467 -0.287299
0.476585 -0.897728 -0.00271351 152.067 0.8981 0.476403 0.0185693 111.985 -0.0152636 -0.0111899 1.01506 -0.295966
0.475044 -0.898684 0.000706463 152.457 0.899125 0.474962 0.0113902 112.737 -0.010527 -0.00477904 1.01528 -0.302261
0.473887 -0.89943 0.0014738 152.864 0.899843 0.473802 0.0139437 113.552 -0.0131562 -0.0052782 1.01535 -0.315499
0.472876 -0.900089 0.00458091 153.26 0.900309 0.472786 0.0238874 114.341 -0.0234287 -0.00714084 1.01526 -0.351339
0.471298 -0.901054 0.00456352 153.665 0.901093 0.471147 0.030987 115.086 -0.0297368 -0.01041 1.01517 -0.348102
0.470774 -0.901467 0.00440247 154.054 0.901614 0.470653 0.0273624 115.878 -0.0264517 -0.00885479 1.01538 -0.336011
0.471489 -0.901243 0.000225865 154.42 0.901533 0.471311 0.0231433 116.633 -0.0207635 -0.010621 1.0156 -0.336635
0.470605 -0.901825 -0.00583898 154.802 0.902173 0.47029 0.0245567 117.401 -0.019223 -0.0166375 1.01565 -0.367735
0.470117 -0.902226 -0.00480599 155.184 0.902527 0.469793 0.026319 118.19 -0.0212782 -0.016525 1.01572 -0.366831
0.469603 -0.902642 -0.00310521 155.571 0.902866 0.46928 0.0286788 118.978 -0.0241733 -0.0160926 1.01577 -0.385273
0.469222 -0.902969 -0.00565297 155.986 0.903124 0.468751 0.0334007 119.724 -0.0272053 -0.0205242 1.01572 -0.414887
0.468924 -0.903248 -0.00794282 156.351 0.903426 0.46837 0.0345137 120.481 -0.0271491 -0.0230621 1.01577 -0.418384
0.468493 -0.903611 -0.00820016 156.733 0.903871 0.467996 0.0316857 121.228 -0.0245283 -0.0219745 1.01597 -0.400486
0.467333 -0.904306 -0.012264 157.12 0.904755 0.466852 0.0272245 121.99 -0.0187204 -0.0235076 1.01617 -0.420606
0.467025 -0.904578 -0.014252 157.462 0.905052 0.466474 0.0286346 122.733 -0.0190746 -0.0259171 1.01621 -0.427418
0.464708 -0.905928 -0.0132055 157.856 0.906185 0.463959 0.0370284 123.499 -0.0271077 -0.0287692 1.01606 -0.483287
0.463416 -0.906775 -0.0099035 158.268 0.906689 0.462541 0.0451005 124.191 -0.0358592 -0.0294618 1.01589 -0.517308
0.462336 -0.907519 0.0034565 158.555 0.907337 0.462063 0.0396406 124.875 -0.0370888 -0.0150243 1.01627 -0.538547
0.461926 -0.907879 0.00163692 158.926 0.90784 0.461643 0.0363413 125.532 -0.0333253 -0.0151308 1.01651 -0.483184
0.462635 -0.907652 -0.00544919 159.264 0.907807 0.462181 0.034048 126.216 -0.0280479 -0.0204323 1.01669 -0.508216
0.463757 -0.907222 -0.00642904 159.615 0.907544 0.463396 0.028135 126.887 -0.0223025 -0.0186454 1.01698 -0.491325
0.464589 -0.906962 -0.00378899 159.961 0.907363 0.464379 0.0220506 127.559 -0.0180659 -0.0135354 1.01725 -0.504569
0.467245 -0.905754 -0.00209555 160.24 0.906217 0.467121 0.0169319 128.164 -0.0142474 -0.00973106 1.01747 -0.489841
0.471577 -0.903656 -0.00276328 160.543 0.904136 0.471451 0.0162662 128.765 -0.0133026 -0.0100834 1.01759 -0.49243
0.476563 -0.901196 0.000306179 160.836 0.901581 0.476445 0.0204483 129.365 -0.0183919 -0.00939714 1.01764 -0.472148
0.482145 -0.898371 0.00381682 161.163 0.89855 0.482031 0.0281183 129.964 -0.0267718 -0.0100461 1.01756 -0.474677
0.486969 -0.895928 0.00252113 161.5 0.895956 0.486748 0.0338618 130.607 -0.0311581 -0.0140759 1.01751 -0.510005
0.492918 -0.892832 -1.64283e-05 161.81 0.892913 0.492629 0.033272 131.199 -0.0293217 -0.0162191 1.01765 -0.534206
0.499833 -0.889141 -0.000741364 162.112 0.889428 0.499636 0.0254155 131.791 -0.0219787 -0.0132208 1.01799 -0.53843
0.506617 -0.885442 -0.00506782 162.434 0.885904 0.506435 0.0185082 132.355 -0.0137195 -0.0137124 1.01825 -0.534597
0.513473 -0.881633 -0.0071976 162.759 0.882164 0.51332 0.0145755 132.984 -0.00913651 -0.013679 1.01842 -0.532118
0.519371 -0.878318 -0.00901557 163.091 0.878847 0.519162 0.0171758 133.587 -0.0103653 -0.0166328 1.01848 -0.538709
0.524391 -0.875537 -0.0034393 163.424 0.875934 0.524206 0.0205605 134.117 -0.0160542 -0.0136416 1.01857 -0.523496
0.529646 -0.87254 0.00229161 163.801 0.872808 0.529531 0.02366 134.651 -0.0216096 -0.0104417 1.01863 -0.545008
0.534752 -0.86957 0.00633647 164.156 0.869828 0.534735 0.0223144 135.214 -0.0225247 -0.00641044 1.01876 -0.546568
0.538443 -0.867454 0.00692509 164.519 0.867682 0.538434 0.0232409 135.78 -0.0236001 -0.00649409 1.01886 -0.562165
0.5382 -0.867787 0.00476119 164.834 0.867969 0.538126 0.0256801 136.317 -0.0245395 -0.00961703 1.01894 -0.59964
0.537796 -0.868188 0.00731523 165.155 0.868324 0.537785 0.0264157 136.871 -0.0265204 -0.00781935 1.01903 -0.591453
